0.5 0.0
0.5970024991668155 0.05990004998809689
0.6860466044888691 0.13906853155654283
0.7642691913004848 0.23641616532907167
0.8289548946025965 0.3504765080777854
0.8775825618903726 0.47942553860420295
0.907869176400646 0.6211067207345389
0.9178106247413862 0.7730612246852292
0.9057187221513152 0.9325629181693795
0.8702539555789304 1.0966576734784768
0.8104534588022098 1.2622064772118449
0.7257537942809241 1.4259317760982968
0.6160081826103453 1.584466446144285
0.48149789152425737 1.7344047337509478
0.32293757151045765 1.872354486978075
0.1414744033354054 1.9949899732081093
-0.061318996832706994 2.0991045663871613
-0.28345788745015527 2.1816625829954313
-0.5225648177941015 2.2398495510198493
-0.7758949604724098 2.271120210449795
-1.0403670913678573 2.2732435670642044
-1.312599871959631 2.244344353287072
-1.5889530165894354 2.1829402903128936
-1.8655728595835097 2.087974594094816
-2.1384417750696145 1.9588432235983366
-2.403430846640804 1.7954164323118682
-2.6563551354437394 1.598054252646537
-2.8930308544545986 1.3676156167482534
-3.1093337242065746 1.1054608955144831
-3.30125776150861 0.8134477193275362
-3.4649737381015613 0.49392002820953096
-3.596886540983808 0.14969038475984106
-3.693690670440588 -0.21598433068205136
-3.7524231256536877 -0.5994336377443502
-3.770512951059898 -0.9966102979046491
-3.7458267491631845 -1.4031329107584867
-3.676709506970001 -1.8143338175089023
-3.562020133183711 -2.225311791815679
-3.4011611612319874 -2.6309889310536994
-3.1941021384806105 -3.0261711004094916
-2.941396293886248 -3.4056112288856824
-2.6441901540530313 -3.764074710896292
-2.3042258603012833 -4.096406130343866
-1.9238360259838778 -4.397596496397385
-1.5059310628942544 -4.662850162058628
-1.0539789971538982 -4.887650588325483
-0.5719778873687796 -5.067824118530666
-0.06442105000703549 -5.199600939333322
0.46374461222906094 -5.279672426829953
1.007166794881899 -5.305244108171394
1.5601420200477343 -5.274083510647261
2.1166753591926786 -5.184562221035302
2.6705450264121344 -5.035691537604877
3.215371149839117 -4.827151164898631
3.744687968061525 -4.559310476580333
4.252018645747541 -4.233241953422363
4.730951858912504 -3.850726491021175
5.17521926600277 -3.414250364105373
5.57877295673029 -2.9269937303066933
5.935861956761811 -2.3928106549135397
6.241106863227363 -1.8162007382930494
6.489571693721045 -1.202272528195866
6.676832050055546 -0.5566989988772668
6.799038727407216 0.11433452329353563
6.852975939431526 0.8041895134683564
6.836113380096166 1.505839916614658
6.7466514029055675 2.2119436809449318
6.583558667294314 2.9149194284394517
6.3466016795537445 3.607027463311784
6.03636574092767 4.280454256472622
5.65426690757482 4.927399490390861
5.202554664965372 5.540164704956602
4.684305121898413 6.111242551638425
4.10340463557268 6.633405640902753
3.464523887837754 7.099793956911805
2.773082542680282 7.503999814197869
2.0352047249163516 7.840149343455005
1.2576656687105792 8.102979517791375
0.44782999067008794 8.287909766609202
-0.3864178553720054 8.391107271454075
-1.2367502873731082 8.409545096298746
-2.0944797221276965 8.341052373267754
-2.950647290559254 8.184355843114048
-3.796116235741344 7.939112137055422
-4.621669021638386 7.605930281985748
-5.418107124163301 7.186384013611477
-6.176352430612007 6.683013590654507
-6.8875491394959685 6.099316916756174
-7.5431650307733 5.439729893893494
-8.135090966866365 4.709596050704238
-8.655737487904352 3.9151256097968186
-9.098127380458608 3.06334427855392
-9.455983127620334 2.162032166772549
-9.723808189435474 1.2196533503693752
-9.896961116148521 0.24527671198841722
-9.97172156196378 -0.7515112046179144
-9.945347343520694 -1.7607004903519141
-9.816121774279393 -2.771958389391433
-9.583390602679012 -3.774735031294668
-9.247587987303827 -4.758373295263152
-8.810251055302844 -5.7122216643382
-8.27402270979346 -6.625748878264375
-7.642642476691173 -7.488659157250739
-6.920925310026091 -8.291006745446525
-6.114728405956973 -9.023308513033475
-5.230906207956113 -9.676653359688238
-4.277253917567519 -10.24280717990204
-3.2624399552792913 -10.714312182226012
-2.1959279429455343 -11.084579399751279
-1.0878889014110973 -11.347973287692653
0.050895526862318366 -11.499887375333067
1.2091379116418148 -11.536810023166277
2.37515690667911 -11.456379431070443
3.5369950506684886 -11.257427148844712
4.682541309539619 -10.940009455409733
5.799657105035797 -10.505426096261264
6.8763045201922175 -9.956225999121525
7.9006753315770375 -9.296199723812382
8.861319491587068 -8.530358542758822
9.747271672148662 -7.664900191739456
10.548174484155949 -6.707161475005703
11.254397005017287 -5.665558053136266
11.857147279747746 -4.54951188440803
12.34857750894848 -3.369366929482595
12.72188069939725 -2.1362938632835475
12.971377629321493 -0.8621846655659756
